font.size : 14
axes.grid : True
grid.linestyle : --
axes.facecolor : (1.0, 1.0, 0.94)
lines.linewidth : 3
font.family : Ubuntu Mono
axes.edgecolor : (0.0, 0.0, 0.0)
text.color : (0.0, 0.0, 0.0)
axes.labelcolor : (0, 0, 0)
xtick.color : (0, 0, 0)
ytick.color : (0, 0, 0)
axes.prop_cycle : cycler('color', [(0.2, 0.8, 0.2), (0.12, 0.56, 1.0), (0.9765625, 0.5, 0.4453125), (0.57421875, 0.4375, 0.85546875), (0.64, 0.64, 0.64)])
